画像経路の対象: 2 回 (画像経路の科目A問題 PDF は全 88 本)
  - 2009h21a_fe_am_qs.pdf (fe-honshiken, 午前)
  - 2009h21h_fe_am_qs.pdf (fe-honshiken, 午前)

[1/2] 2009h21a_fe_am_qs.pdf
  解答例: 80 問
  描画: 36 ページ @150dpi
  OCR アンカー: 24 件 → 不採用: アンカー 24 件 ≠ 期待 80 件
    検出した問番号: 50,1,2,3,4,6,8,10,13,16,17,23,25,26,40,42,52,54,58,60,72,73,76,77
    見つからなかった問番号: 5,7,9,11,12,14,15,18,19,20,21,22,24,27,28,29,30,31,32,33,34,35,36,37,38,39,41,43,44,45,46,47,48,49,51,53,55,56,57,59,61,62,63,64,65,66,67,68,69,70,71,74,75,78,79,80

[2/2] 2009h21h_fe_am_qs.pdf
  解答例: 80 問
  描画: 32 ページ @150dpi
  OCR アンカー: 38 件 → 不採用: アンカー 38 件 ≠ 期待 80 件
    検出した問番号: 1,1,2,6,8,9,10,13,14,18,20,22,31,33,37,39,40,41,42,43,44,45,46,51,51,53,54,55,56,58,59,60,61,63,68,69,71,74
    見つからなかった問番号: 3,4,5,7,11,12,15,16,17,19,21,23,24,25,26,27,28,29,30,32,34,35,36,38,47,48,49,50,52,57,62,64,65,66,67,70,72,73,75,76,77,78,79,80

=== 画像経路: 0/2 回が検証通過、0 問を取り込み
  不採用 2009h21a-fe-am: アンカー 24 件 ≠ 期待 80 件
  不採用 2009h21h-fe-am: アンカー 38 件 ≠ 期待 80 件
