取り込み済みのため 1 回をスキップ
画像経路の対象: 14 回 (画像経路の科目A問題 PDF は全 88 本)
  - 2012h24a_fe_am_qs.pdf (fe-honshiken, 午前)
  - 2015h27a_fe_am_qs.pdf (fe-honshiken, 午前)
  - 2018h30a_fe_am_qs.pdf (fe-honshiken, 午前)
  - tokurei_Mondai_20260125_FE.pdf (fe-menjo, 修了試験)
  - tokurei_Mondai_20240728_FE.pdf (fe-menjo, 修了試験)
  - tokurei_Mondai_20230122_FE.pdf (fe-menjo, 修了試験)
  - tokurei_Mondai_20210725_FE.pdf (fe-menjo, 修了試験)
  - tokurei_Mondai_20200126_FE.pdf (fe-menjo, 修了試験)
  - tokurei_Mondai_20180722_FE.pdf (fe-menjo, 修了試験)
  - tokurei_Mondai_20170122_FE.pdf (fe-menjo, 修了試験)
  - tokurei_Mondai_20150726_FE.pdf (fe-menjo, 修了試験)
  - tokurei_Mondai_20140126_FE.pdf (fe-menjo, 修了試験)
  - tokurei_Mondai_20120722_FE.pdf (fe-menjo, 修了試験)
  - tokurei_Mondai_201007_FE.pdf (fe-menjo, 修了試験)

[1/14] 2012h24a_fe_am_qs.pdf
  解答例: 80 問
  描画: 40 ページ @300dpi
  OCR 誤読とみなして除外: 1 件
  OCR アンカー: 74 件 / 使える問題: 68 件 → OK (85%)
    検出した問番号: 1,2,3,4,5,6,7,8,9,10,11,12,13,14,15,16,17,18,19,20,21,22,23,24,25,26,27,29,31,32,33,34,35,36,37,38,39,40,41,43,44,45,46,48,49,50,51,52,53,54,55,56,57,58,59,61,62,64,65,66,67,68,69,70,71,72,73,74,75,76,77,78,79,80
    見つからなかった問番号: 28,30,42,47,60,63
<<<<<<< HEAD
=======
  → 68 問を取り込み

[2/14] 2015h27a_fe_am_qs.pdf
  解答例: 80 問
  描画: 40 ページ @300dpi
  OCR 誤読とみなして除外: 7 件
  OCR アンカー: 65 件 / 使える問題: 53 件 → OK (66%)
    検出した問番号: 1,2,3,4,7,8,9,11,12,13,14,15,16,17,18,19,21,22,23,24,25,28,29,31,32,33,34,35,36,37,38,39,42,43,44,45,47,48,49,53,54,55,56,57,58,59,61,62,63,64,65,66,67,68,69,71,72,73,74,75,76,77,78,79,86
    見つからなかった問番号: 5,6,10,20,26,27,30,40,41,46,50,51,52,60,70,80
  → 53 問を取り込み

[3/14] 2018h30a_fe_am_qs.pdf
  解答例: 80 問
  描画: 40 ページ @300dpi
  OCR 誤読とみなして除外: 8 件
  OCR アンカー: 68 件 / 使える問題: 55 件 → OK (69%)
    検出した問番号: 1,2,3,4,5,6,7,8,9,12,13,14,15,16,18,19,21,22,23,24,25,26,27,28,29,31,32,33,34,35,36,37,38,39,41,43,44,45,46,47,48,49,51,52,53,54,55,56,57,58,59,61,63,64,65,66,67,68,69,71,72,73,74,76,77,78,79,89
    見つからなかった問番号: 10,11,17,20,30,40,42,50,60,62,70,75,80
  → 55 問を取り込み

[4/14] tokurei_Mondai_20260125_FE.pdf
  解答例: 60 問
  描画: 32 ページ @300dpi
  OCR 誤読とみなして除外: 4 件
  OCR アンカー: 52 件 / 使える問題: 45 件 → OK (75%)
    検出した問番号: 1,2,3,5,6,7,8,9,11,12,13,14,15,16,17,18,19,21,22,23,24,25,26,27,28,31,32,33,34,35,36,37,38,39,41,42,43,44,46,47,48,49,51,52,53,54,55,56,57,58,59,60
    見つからなかった問番号: 4,10,20,29,30,40,45,50
  → 45 問を取り込み

[5/14] tokurei_Mondai_20240728_FE.pdf
  解答例: 60 問
  描画: 32 ページ @300dpi
  OCR 誤読とみなして除外: 4 件
  OCR アンカー: 49 件 / 使える問題: 40 件 → OK (67%)
    検出した問番号: 1,2,3,4,5,6,7,8,9,11,12,13,14,17,18,19,21,22,23,24,25,26,27,28,29,30,31,32,33,34,35,36,37,38,41,43,44,45,48,49,52,53,54,55,56,57,58,59,69
    見つからなかった問番号: 10,15,16,20,39,40,42,46,47,50,51,60
  → 40 問を取り込み

[6/14] tokurei_Mondai_20230122_FE.pdf
  解答例: 80 問
  描画: 44 ページ @300dpi
  OCR 誤読とみなして除外: 5 件
  OCR アンカー: 72 件 / 使える問題: 64 件 → OK (80%)
    検出した問番号: 1,2,3,4,5,6,7,8,9,11,12,13,14,15,16,17,19,21,22,23,24,25,26,27,28,29,31,32,33,34,35,36,37,38,40,41,42,43,44,45,46,47,48,49,51,52,53,54,55,56,57,58,59,61,62,63,64,65,66,67,68,69,71,72,73,74,75,76,77,78,79,80
    見つからなかった問番号: 10,18,20,30,39,50,60,70
  → 64 問を取り込み

[7/14] tokurei_Mondai_20210725_FE.pdf
  解答例: 80 問
  描画: 44 ページ @300dpi
  OCR 誤読とみなして除外: 6 件
  OCR アンカー: 62 件 / 使える問題: 50 件 → OK (63%)
    検出した問番号: 1,2,3,4,5,6,7,8,9,11,12,13,14,15,16,17,21,22,23,24,25,26,27,28,29,33,34,35,37,38,39,41,42,44,46,47,48,49,50,51,52,53,54,56,57,61,62,63,64,65,66,67,68,69,71,73,74,75,76,77,78,80
    見つからなかった問番号: 10,18,19,20,30,31,32,36,40,43,45,55,58,59,60,70,72,79
  → 50 問を取り込み

[8/14] tokurei_Mondai_20200126_FE.pdf
  解答例: 80 問
  描画: 40 ページ @300dpi
  OCR 誤読とみなして除外: 6 件
  OCR アンカー: 66 件 / 使える問題: 55 件 → OK (69%)
    検出した問番号: 1,2,3,4,5,6,7,8,9,11,12,14,15,16,17,18,19,23,24,25,27,28,29,31,32,33,34,35,36,37,38,39,41,42,43,44,45,47,48,49,51,54,55,56,57,58,59,61,62,63,64,65,66,67,68,69,71,72,73,74,75,76,77,78,79,80
    見つからなかった問番号: 10,13,20,21,22,26,30,40,46,50,52,53,60,70
  → 55 問を取り込み

[9/14] tokurei_Mondai_20180722_FE.pdf
  解答例: 80 問
  描画: 40 ページ @300dpi
  OCR 誤読とみなして除外: 8 件
  OCR アンカー: 65 件 / 使える問題: 53 件 → OK (66%)
    検出した問番号: 1,2,3,5,6,7,8,9,12,13,14,15,16,17,19,21,22,23,24,26,27,28,29,31,32,34,35,36,37,38,41,43,44,45,46,47,48,51,52,53,54,55,56,57,58,59,61,62,63,64,65,66,67,68,69,71,72,73,74,75,76,77,78,79,80
    見つからなかった問番号: 4,10,11,18,20,25,30,33,39,40,42,49,50,60,70
  → 53 問を取り込み

[10/14] tokurei_Mondai_20170122_FE.pdf
  解答例: 80 問
  描画: 36 ページ @300dpi
  OCR 誤読とみなして除外: 6 件
  OCR アンカー: 62 件 / 使える問題: 47 件 → OK (59%)
    検出した問番号: 1,2,3,4,5,6,7,8,11,13,14,15,16,18,19,21,22,23,24,25,26,27,28,29,31,32,34,35,37,38,39,43,44,45,46,48,51,52,53,55,56,57,58,59,61,62,63,64,65,66,67,68,71,72,73,74,75,76,77,78,79,89
    見つからなかった問番号: 9,10,12,17,20,30,33,36,40,41,42,47,49,50,54,60,69,70,80
  → 47 問を取り込み

[11/14] tokurei_Mondai_20150726_FE.pdf
  解答例: 80 問
  描画: 38 ページ @300dpi
  OCR アンカー: 74 件 / 使える問題: 68 件 → OK (85%)
    検出した問番号: 1,3,4,5,6,7,8,9,10,12,13,14,15,16,17,18,19,20,21,22,23,24,25,26,27,29,30,31,32,33,34,35,36,38,39,41,42,43,44,45,46,47,48,49,50,51,52,53,54,55,56,57,58,59,60,61,62,63,64,66,67,68,69,70,71,72,73,74,75,76,77,78,79,80
    見つからなかった問番号: 2,11,28,37,40,65
  → 68 問を取り込み

[12/14] tokurei_Mondai_20140126_FE.pdf
  解答例: 80 問
  描画: 38 ページ @300dpi
  OCR 誤読とみなして除外: 1 件
  OCR アンカー: 73 件 / 使える問題: 66 件 → OK (83%)
    検出した問番号: 1,3,4,5,6,7,9,10,11,12,14,15,16,17,18,19,20,21,22,23,25,26,27,28,29,30,31,33,34,35,36,37,38,39,40,41,42,43,44,45,46,47,48,50,51,52,53,54,55,56,57,58,59,60,61,62,63,64,65,66,67,68,69,71,72,73,74,75,76,77,78,79,80
    見つからなかった問番号: 2,8,13,24,32,49,70
  → 66 問を取り込み

[13/14] tokurei_Mondai_20120722_FE.pdf
  解答例: 80 問
  描画: 40 ページ @300dpi
  OCR アンカー: 72 件 / 使える問題: 65 件 → OK (81%)
    検出した問番号: 1,2,3,4,5,6,7,8,9,10,11,13,14,15,16,17,18,20,21,23,24,26,27,28,29,30,31,32,33,34,35,36,38,39,40,41,42,43,44,45,46,47,48,49,50,51,52,53,54,55,56,57,58,59,60,61,62,63,64,65,66,67,68,69,70,72,73,74,75,78,79,80
    見つからなかった問番号: 12,19,22,25,37,71,76,77
  → 65 問を取り込み

[14/14] tokurei_Mondai_201007_FE.pdf
  解答例: 80 問
  描画: 38 ページ @300dpi
  OCR 誤読とみなして除外: 2 件
  OCR アンカー: 68 件 / 使える問題: 58 件 → OK (73%)
    検出した問番号: 2,3,4,5,6,7,8,9,11,12,13,14,16,17,18,19,20,21,22,23,24,27,28,30,32,33,35,36,38,39,41,42,43,44,45,46,47,48,49,50,52,53,54,55,56,57,58,59,60,61,62,63,64,65,66,67,68,69,70,71,72,73,74,76,77,78,79,80
    見つからなかった問番号: 1,10,15,25,26,29,31,34,37,40,51,75
  → 58 問を取り込み

=== 画像経路: 14/14 回が検証通過、787 問を取り込み
>>>>>>> ab94908 (data: import scanned FE past exams as cropped images [skip ci])
