画像経路の対象: 15 回 (画像経路の科目A問題 PDF は全 88 本)
  - 2010h22h_fe_am_qs.pdf (fe-honshiken, 午前)
  - 2013h25h_fe_am_qs.pdf (fe-honshiken, 午前)
  - 2016h28h_fe_am_qs.pdf (fe-honshiken, 午前)
  - 2019h31h_fe_am_qs.pdf (fe-honshiken, 午前)
  - tokurei_Mondai_20250608_FE.pdf (fe-menjo, 修了試験)
  - tokurei_Mondai_20231210_FE.pdf (fe-menjo, 修了試験)
  - tokurei_Mondai_20220612_FE.pdf (fe-menjo, 修了試験)
  - tokurei_Mondai_20201213_FE.pdf (fe-menjo, 修了試験)
  - tokurei_Mondai_20190609_FE.pdf (fe-menjo, 修了試験)
  - tokurei_Mondai_20171210_FE.pdf (fe-menjo, 修了試験)
  - tokurei_Mondai_20160612_FE.pdf (fe-menjo, 修了試験)
  - tokurei_Mondai_20141221_FE.pdf (fe-menjo, 修了試験)
  - tokurei_Mondai_20130623_FE.pdf (fe-menjo, 修了試験)
  - tokurei_Mondai_20110724_FE.pdf (fe-menjo, 修了試験)
  - tokurei_Mondai_200912_FE.pdf (fe-menjo, 修了試験)

[1/15] 2010h22h_fe_am_qs.pdf
  解答例: 80 問
  描画: 36 ページ @300dpi
  OCR 誤読とみなして除外: 1 件
  OCR アンカー: 71 件 / 使える問題: 63 件 → OK (79%)
    検出した問番号: 1,2,3,5,6,7,8,9,10,11,12,13,14,17,18,19,20,21,22,23,25,26,27,28,29,31,32,33,35,36,37,38,39,40,41,42,43,44,45,46,47,48,50,51,52,53,54,55,56,57,58,60,61,63,64,65,66,67,68,69,70,71,72,73,74,75,76,77,78,79,80
    見つからなかった問番号: 4,15,16,24,30,34,49,59,62
<<<<<<< HEAD
=======
  → 63 問を取り込み

[2/15] 2013h25h_fe_am_qs.pdf
  解答例: 80 問
  描画: 40 ページ @300dpi
  OCR 誤読とみなして除外: 2 件
  OCR アンカー: 70 件 / 使える問題: 62 件 → OK (78%)
    検出した問番号: 1,2,3,4,5,6,7,8,9,10,12,13,14,15,16,18,19,20,21,23,24,25,26,27,28,29,30,31,32,33,34,36,37,38,39,40,41,42,43,44,45,46,47,48,51,52,53,54,55,56,57,58,59,60,63,64,65,66,67,68,69,70,71,72,74,75,76,77,79,80
    見つからなかった問番号: 11,17,22,35,49,50,61,62,73,78
  → 62 問を取り込み

[3/15] 2016h28h_fe_am_qs.pdf
  解答例: 80 問
  描画: 36 ページ @300dpi
  OCR 誤読とみなして除外: 8 件
  OCR アンカー: 69 件 / 使える問題: 59 件 → OK (74%)
    検出した問番号: 1,2,3,4,5,6,7,8,9,11,12,13,14,15,16,17,18,19,21,22,24,25,26,27,28,29,31,32,33,34,35,36,37,38,39,41,42,43,44,45,46,47,48,49,51,52,53,54,55,57,58,59,62,63,64,65,66,67,68,69,71,72,73,74,75,77,78,79,80
    見つからなかった問番号: 10,20,23,30,40,50,56,60,61,70,76
  → 59 問を取り込み

[4/15] 2019h31h_fe_am_qs.pdf
  解答例: 80 問
  描画: 40 ページ @300dpi
  OCR 誤読とみなして除外: 7 件
  OCR アンカー: 57 件 / 使える問題: 42 件 → OK (53%)
    検出した問番号: 1,2,3,4,5,8,9,11,12,13,14,15,16,17,18,21,22,24,25,26,27,28,29,31,33,34,36,37,38,39,41,42,43,44,45,46,47,48,49,51,52,54,55,58,59,61,62,63,65,66,67,68,72,73,74,75,76
    見つからなかった問番号: 6,7,10,19,20,23,30,32,35,40,50,53,56,57,60,64,69,70,71,77,78,79,80
  → 42 問を取り込み

[5/15] tokurei_Mondai_20250608_FE.pdf
  解答例: 60 問
  描画: 32 ページ @300dpi
  OCR 誤読とみなして除外: 3 件
  OCR アンカー: 53 件 / 使える問題: 44 件 → OK (73%)
    検出した問番号: 1,2,3,4,5,7,8,9,10,11,12,13,14,15,16,17,18,19,20,21,22,23,24,25,26,27,28,29,31,32,33,34,36,37,39,41,42,43,44,46,47,48,49,51,52,53,54,55,56,57,58,59,69
    見つからなかった問番号: 6,30,35,38,40,45,50,60
  → 44 問を取り込み

[6/15] tokurei_Mondai_20231210_FE.pdf
  解答例: 60 問
  描画: 28 ページ @300dpi
  OCR 誤読とみなして除外: 4 件
  OCR アンカー: 48 件 / 使える問題: 35 件 → OK (58%)
    検出した問番号: 1,2,3,4,5,6,8,9,11,12,13,14,15,17,18,19,20,21,23,24,25,26,28,29,31,32,34,36,37,38,39,41,44,45,46,47,48,49,51,52,53,54,55,56,57,58,59,69
    見つからなかった問番号: 7,10,16,22,27,30,33,35,40,42,43,50,60
  → 35 問を取り込み

[7/15] tokurei_Mondai_20220612_FE.pdf
  ! 解答例 PDF が無い／テキストが取れない → 隔離

[8/15] tokurei_Mondai_20201213_FE.pdf
  解答例: 80 問
  描画: 40 ページ @300dpi
  OCR 誤読とみなして除外: 6 件
  OCR アンカー: 68 件 / 使える問題: 57 件 → OK (71%)
    検出した問番号: 1,2,3,4,5,6,7,8,9,11,12,13,14,15,16,17,18,19,21,22,23,24,25,26,27,28,31,32,33,34,35,36,37,38,39,40,41,42,43,44,45,46,47,48,49,51,52,53,55,56,57,58,59,61,62,63,64,65,66,67,69,71,73,74,75,76,78,79
    見つからなかった問番号: 10,20,29,30,50,54,60,68,70,72,77,80
  → 57 問を取り込み

[9/15] tokurei_Mondai_20190609_FE.pdf
  解答例: 80 問
  描画: 36 ページ @300dpi
  OCR 誤読とみなして除外: 4 件
  OCR アンカー: 69 件 / 使える問題: 59 件 → OK (74%)
    検出した問番号: 1,2,3,4,5,6,7,8,9,11,12,13,14,15,16,17,18,19,21,22,23,24,25,26,27,28,30,31,32,33,34,35,36,37,38,39,41,43,44,45,46,47,48,51,52,53,54,55,56,57,58,59,61,62,63,64,65,66,67,68,69,70,72,74,75,76,77,78,79
    見つからなかった問番号: 10,20,29,40,42,49,50,60,71,73,80
  → 59 問を取り込み

[10/15] tokurei_Mondai_20171210_FE.pdf
  解答例: 80 問
  描画: 40 ページ @300dpi
  OCR 誤読とみなして除外: 4 件
  OCR アンカー: 65 件 / 使える問題: 54 件 → OK (68%)
    検出した問番号: 1,2,3,4,5,6,7,8,11,13,14,17,19,20,21,22,23,24,25,26,27,28,29,32,33,34,35,37,38,39,41,42,43,44,45,46,47,48,49,51,52,53,54,55,56,57,58,59,61,62,63,64,65,66,67,68,71,72,73,75,76,77,78,79,80
    見つからなかった問番号: 9,10,12,15,16,18,30,31,36,40,50,60,69,70,74
  → 54 問を取り込み

[11/15] tokurei_Mondai_20160612_FE.pdf
  解答例: 80 問
  描画: 38 ページ @300dpi
  OCR 誤読とみなして除外: 4 件
  OCR アンカー: 68 件 / 使える問題: 55 件 → OK (69%)
    検出した問番号: 1,2,3,4,5,6,7,8,9,11,12,14,16,18,20,21,22,23,24,25,26,27,28,29,30,31,32,33,34,36,37,38,39,41,42,43,44,45,46,47,48,49,51,52,53,54,55,56,57,58,59,61,62,63,64,65,66,67,69,71,72,73,74,75,76,77,78,89
    見つからなかった問番号: 10,13,15,17,19,35,40,50,60,68,70,79,80
  → 55 問を取り込み

[12/15] tokurei_Mondai_20141221_FE.pdf
  解答例: 80 問
  描画: 38 ページ @300dpi
  OCR 誤読とみなして除外: 1 件
  OCR アンカー: 67 件 / 使える問題: 56 件 → OK (70%)
    検出した問番号: 1,2,3,4,5,7,8,9,10,12,13,14,15,16,17,18,21,24,26,27,28,29,30,31,32,33,34,35,37,38,39,40,41,42,43,44,45,46,47,48,50,51,52,53,55,56,57,58,59,60,61,63,64,65,66,67,68,70,71,72,73,74,75,76,77,78,80
    見つからなかった問番号: 6,11,19,20,22,23,25,36,49,54,62,69,79
  → 56 問を取り込み

[13/15] tokurei_Mondai_20130623_FE.pdf
  解答例: 80 問
  描画: 36 ページ @300dpi
  OCR 誤読とみなして除外: 4 件
  OCR アンカー: 65 件 / 使える問題: 51 件 → OK (64%)
    検出した問番号: 1,2,3,4,7,8,9,10,12,13,14,15,16,17,18,19,20,22,24,25,26,27,28,30,31,33,34,35,36,37,38,39,40,41,43,44,45,46,48,49,50,52,54,55,56,57,58,59,60,61,62,63,64,65,66,68,69,71,73,74,75,76,77,78,79
    見つからなかった問番号: 5,6,11,21,23,29,32,42,47,51,53,67,70,72,80
  → 51 問を取り込み

[14/15] tokurei_Mondai_20110724_FE.pdf
  解答例: 80 問
  描画: 36 ページ @300dpi
  OCR アンカー: 74 件 / 使える問題: 68 件 → OK (85%)
    検出した問番号: 1,2,4,5,6,7,8,9,10,11,12,13,14,15,16,17,18,19,20,21,22,23,24,25,26,27,28,29,30,31,32,33,34,35,36,37,38,40,41,42,43,44,45,46,47,48,49,51,52,53,54,55,56,58,59,60,61,62,63,64,66,67,68,69,70,71,72,73,74,75,76,77,79,80
    見つからなかった問番号: 3,39,50,57,65,78
  → 68 問を取り込み

[15/15] tokurei_Mondai_200912_FE.pdf
  解答例: 80 問
  描画: 36 ページ @300dpi
  OCR アンカー: 75 件 / 使える問題: 70 件 → OK (88%)
    検出した問番号: 1,2,3,4,5,6,7,8,9,10,11,12,13,14,15,16,17,18,19,20,21,22,23,24,25,26,27,28,29,30,31,32,34,35,36,37,38,39,40,41,42,44,45,46,47,48,49,50,51,52,53,54,55,57,58,59,60,61,62,63,65,67,68,69,70,71,72,73,74,75,76,77,78,79,80
    見つからなかった問番号: 33,43,56,64,66
  → 70 問を取り込み

=== 画像経路: 14/14 回が検証通過、775 問を取り込み
>>>>>>> ab94908 (data: import scanned FE past exams as cropped images [skip ci])
