画像経路の対象: 14 回 (画像経路の科目A問題 PDF は全 88 本)
  - 2011h23a_fe_am_qs.pdf (fe-honshiken, 午前)
  - 2014h26a_fe_am_qs.pdf (fe-honshiken, 午前)
  - 2017h29a_fe_am_qs.pdf (fe-honshiken, 午前)
  - tokurei_Mondai_20260726_FE.pdf (fe-menjo, 修了試験)
  - tokurei_Mondai_20250126_FE.pdf (fe-menjo, 修了試験)
  - tokurei_Mondai_20230723_FE.pdf (fe-menjo, 修了試験)
  - tokurei_Mondai_20220123_FE.pdf (fe-menjo, 修了試験)
  - tokurei_Mondai_20200726_FE.pdf (fe-menjo, 修了試験)
  - tokurei_Mondai_20190127_FE.pdf (fe-menjo, 修了試験)
  - tokurei_Mondai_20170723_FE.pdf (fe-menjo, 修了試験)
  - tokurei_Mondai_20160124_FE.pdf (fe-menjo, 修了試験)
  - tokurei_Mondai_20140727_FE.pdf (fe-menjo, 修了試験)
  - tokurei_Mondai_20130127_FE.pdf (fe-menjo, 修了試験)
  - tokurei_Mondai_201101_FE.pdf (fe-menjo, 修了試験)

[1/14] 2011h23a_fe_am_qs.pdf
  解答例: 80 問
  描画: 36 ページ @300dpi
  OCR アンカー: 76 件 / 使える問題: 72 件 → OK (90%)
    検出した問番号: 1,2,3,4,5,6,7,8,9,10,12,13,14,15,16,17,18,19,20,21,22,23,24,26,27,28,29,30,31,32,33,34,35,36,37,38,39,41,42,43,44,45,46,47,48,49,50,51,52,53,54,55,56,57,58,59,60,61,62,63,64,65,66,67,68,69,70,71,72,74,75,76,77,78,79,80
    見つからなかった問番号: 11,25,40,73
<<<<<<< HEAD
=======
  → 72 問を取り込み

[2/14] 2014h26a_fe_am_qs.pdf
  解答例: 80 問
  描画: 36 ページ @300dpi
  OCR アンカー: 68 件 / 使える問題: 57 件 → OK (71%)
    検出した問番号: 1,2,3,4,5,6,7,8,9,10,13,14,16,17,18,19,20,21,22,23,24,25,26,27,28,30,31,32,34,36,38,39,40,41,42,43,44,46,47,48,49,50,52,53,54,55,56,57,58,59,60,61,62,63,64,65,66,67,68,69,71,72,74,75,76,77,78,80
    見つからなかった問番号: 11,12,15,29,33,35,37,45,51,70,73,79
  → 57 問を取り込み

[3/14] 2017h29a_fe_am_qs.pdf
  解答例: 80 問
  描画: 36 ページ @300dpi
  OCR 誤読とみなして除外: 7 件
  OCR アンカー: 69 件 / 使える問題: 61 件 → OK (76%)
    検出した問番号: 1,2,3,4,5,6,7,8,9,11,12,13,14,15,16,17,18,19,24,25,26,27,28,29,31,32,33,34,35,36,37,38,39,41,42,43,44,45,46,47,48,49,51,52,53,55,56,57,58,59,61,62,63,64,65,66,67,68,69,71,72,73,74,75,76,77,78,79,80
    見つからなかった問番号: 10,20,21,22,23,30,40,50,54,60,70
  → 61 問を取り込み

[4/14] tokurei_Mondai_20260726_FE.pdf
  解答例: 60 問
  描画: 32 ページ @300dpi
  OCR 誤読とみなして除外: 3 件
  OCR アンカー: 44 件 / 使える問題: 34 件 → OK (57%)
    検出した問番号: 1,2,3,4,6,7,10,11,12,13,14,15,16,17,18,19,21,26,28,29,30,31,32,36,37,38,42,43,44,45,46,47,48,49,51,52,53,54,55,56,57,58,59,69
    見つからなかった問番号: 5,8,9,20,22,23,24,25,27,33,34,35,39,40,41,50,60
  → 34 問を取り込み

[5/14] tokurei_Mondai_20250126_FE.pdf
  解答例: 60 問
  描画: 32 ページ @300dpi
  OCR 誤読とみなして除外: 5 件
  OCR アンカー: 49 件 / 使える問題: 40 件 → OK (67%)
    検出した問番号: 1,2,3,4,6,7,8,9,12,13,14,15,17,18,19,20,21,22,23,24,25,26,27,28,31,32,34,35,36,37,38,39,42,43,44,45,46,47,48,51,52,53,54,55,56,57,58,59,69
    見つからなかった問番号: 5,10,11,16,29,30,33,40,41,49,50,60
  → 40 問を取り込み

[6/14] tokurei_Mondai_20230723_FE.pdf
  解答例: 60 問
  描画: 28 ページ @300dpi
  OCR 誤読とみなして除外: 1 件
  OCR アンカー: 54 件 / 使える問題: 46 件 → OK (77%)
    検出した問番号: 1,3,4,5,6,7,8,9,10,11,12,13,14,16,17,18,19,20,21,22,23,24,25,26,27,28,30,31,32,34,35,36,37,39,41,42,43,44,45,46,47,48,49,50,51,52,53,54,55,56,57,58,59,69
    見つからなかった問番号: 2,15,29,33,38,40,60
  → 46 問を取り込み

[7/14] tokurei_Mondai_20220123_FE.pdf
  解答例: 80 問
  描画: 44 ページ @300dpi
  OCR 誤読とみなして除外: 4 件
  OCR アンカー: 69 件 / 使える問題: 57 件 → OK (71%)
    検出した問番号: 1,2,3,4,5,6,7,8,9,10,11,12,13,14,15,17,18,19,21,22,23,24,25,26,27,28,29,30,33,34,36,37,38,39,41,42,43,44,45,46,47,48,49,51,52,53,54,55,56,57,58,59,61,62,64,65,66,67,68,69,71,72,73,74,75,76,78,79,89
    見つからなかった問番号: 16,20,31,32,35,40,50,60,63,70,77,80
  → 57 問を取り込み

[8/14] tokurei_Mondai_20200726_FE.pdf
  解答例: 80 問
  描画: 44 ページ @300dpi
  OCR 誤読とみなして除外: 7 件
  OCR アンカー: 69 件 / 使える問題: 58 件 → OK (73%)
    検出した問番号: 1,2,3,4,5,6,7,8,9,11,12,13,14,15,16,17,18,19,21,22,23,25,26,27,28,29,31,32,33,34,35,36,37,38,39,41,42,43,44,45,46,48,49,51,52,53,54,55,56,57,58,59,61,62,63,64,65,66,68,69,71,72,74,75,76,77,78,79,80
    見つからなかった問番号: 10,20,24,30,40,47,50,60,67,70,73
  → 58 問を取り込み

[9/14] tokurei_Mondai_20190127_FE.pdf
  解答例: 80 問
  描画: 44 ページ @300dpi
  OCR 誤読とみなして除外: 5 件
  OCR アンカー: 68 件 / 使える問題: 59 件 → OK (74%)
    検出した問番号: 2,3,4,6,7,8,9,10,11,12,13,16,17,18,19,21,22,23,24,25,26,27,28,29,31,32,33,34,35,36,37,38,39,41,42,43,44,45,46,47,48,49,52,53,54,55,57,58,59,61,62,63,64,65,66,67,68,69,71,72,73,74,75,76,77,78,79,80
    見つからなかった問番号: 1,5,14,15,20,30,40,50,51,56,60,70
  → 59 問を取り込み

[10/14] tokurei_Mondai_20170723_FE.pdf
  解答例: 80 問
  描画: 38 ページ @300dpi
  OCR 誤読とみなして除外: 6 件
  OCR アンカー: 71 件 / 使える問題: 62 件 → OK (78%)
    検出した問番号: 1,2,3,4,5,6,7,8,9,11,12,13,14,15,16,17,18,19,21,22,23,24,25,26,27,28,29,31,32,33,34,35,36,37,38,39,41,42,43,44,45,46,47,48,49,53,54,55,56,57,58,59,61,62,63,64,65,66,67,68,69,71,72,73,74,75,76,77,78,79,89
    見つからなかった問番号: 10,20,30,40,50,51,52,60,70,80
  → 62 問を取り込み

[11/14] tokurei_Mondai_20160124_FE.pdf
  解答例: 80 問
  描画: 36 ページ @300dpi
  OCR 誤読とみなして除外: 6 件
  OCR アンカー: 68 件 / 使える問題: 56 件 → OK (70%)
    検出した問番号: 1,3,4,5,6,7,8,9,11,12,13,14,15,17,18,19,21,22,23,24,25,26,27,28,29,31,32,34,35,36,38,39,41,43,44,45,46,47,48,49,51,52,53,54,55,56,57,58,59,61,62,63,64,65,66,67,68,69,71,72,73,74,75,76,77,78,79,80
    見つからなかった問番号: 2,10,16,20,30,33,37,40,42,50,60,70
  → 56 問を取り込み

[12/14] tokurei_Mondai_20140727_FE.pdf
  解答例: 80 問
  描画: 38 ページ @300dpi
  OCR アンカー: 75 件 / 使える問題: 70 件 → OK (88%)
    検出した問番号: 1,2,3,4,5,6,7,8,9,10,11,12,13,14,15,16,17,18,19,20,21,22,23,24,25,26,27,28,29,30,31,33,35,36,38,40,41,43,44,45,46,47,48,49,50,51,52,53,54,55,56,57,58,59,60,61,62,63,64,65,66,67,68,69,70,71,72,73,74,75,76,77,78,79,80
    見つからなかった問番号: 32,34,37,39,42
  → 70 問を取り込み

[13/14] tokurei_Mondai_20130127_FE.pdf
  解答例: 80 問
  描画: 34 ページ @300dpi
  OCR 誤読とみなして除外: 2 件
  OCR アンカー: 72 件 / 使える問題: 66 件 → OK (83%)
    検出した問番号: 1,2,3,4,5,6,7,8,9,11,12,13,14,15,17,18,19,20,21,22,23,25,26,27,28,29,30,34,35,36,37,38,39,40,41,43,44,45,46,47,48,49,50,51,52,53,54,56,57,58,59,60,61,62,63,64,65,66,67,68,69,70,71,72,73,74,75,76,77,78,79,80
    見つからなかった問番号: 10,16,24,31,32,33,42,55
  → 66 問を取り込み

[14/14] tokurei_Mondai_201101_FE.pdf
  解答例: 80 問
  描画: 38 ページ @300dpi
  OCR アンカー: 75 件 / 使える問題: 70 件 → OK (88%)
    検出した問番号: 1,2,3,4,5,6,7,9,10,11,12,14,15,16,17,18,19,20,21,22,23,24,26,27,28,29,30,31,32,33,34,35,36,37,38,39,40,41,42,43,44,45,47,48,49,50,51,52,53,54,55,56,57,58,59,60,61,62,63,64,65,66,67,68,69,70,71,72,73,74,75,76,78,79,80
    見つからなかった問番号: 8,13,25,46,77
  → 70 問を取り込み

=== 画像経路: 14/14 回が検証通過、808 問を取り込み
>>>>>>> ab94908 (data: import scanned FE past exams as cropped images [skip ci])
