取り込み済みのため 13 回をスキップ
画像経路の対象: 8 回 (画像経路の科目A問題 PDF は全 127 本)
  - 2012h24h_ap_am_qs.pdf (ext-ap, 午前)
  - 2014h26a_ap_am_qs.pdf (ext-ap, 午前)
  - 2015h27h_ap_am_qs.pdf (ext-ap, 午前)
  - 2016h28h_ap_am_qs.pdf (ext-ap, 午前)
  - 2017h29h_ap_am_qs.pdf (ext-ap, 午前)
  - 2018h30h_ap_am_qs.pdf (ext-ap, 午前)
  - 2019h31h_ap_am_qs.pdf (ext-ap, 午前)
  - 2023r05h_ap_am_qs.pdf (ext-ap, 午前)

[1/8] 2012h24h_ap_am_qs.pdf
  解答例: 80 問
  描画: 40 ページ @300dpi
  OCR 誤読とみなして除外: 2 件
  OCR アンカー: 73 件 / 使える問題: 66 件 → OK (83%)
    検出した問番号: 1,2,3,5,6,8,9,10,11,12,13,14,16,17,18,19,20,22,23,24,25,26,27,28,29,30,31,32,34,35,36,37,38,39,40,41,42,43,44,45,46,47,48,49,50,51,52,53,54,55,56,57,58,59,60,61,62,63,64,65,66,67,68,70,71,72,73,74,75,76,77,79,80
    見つからなかった問番号: 4,7,15,21,33,69,78
  → 66 問を取り込み

[2/8] 2014h26a_ap_am_qs.pdf
  解答例: 80 問
  描画: 40 ページ @300dpi
  OCR アンカー: 72 件 / 使える問題: 68 件 → OK (85%)
    検出した問番号: 3,4,7,8,9,10,11,12,13,14,15,18,19,20,21,23,24,25,26,27,28,29,30,31,32,33,34,35,36,37,38,39,40,41,42,43,44,45,46,47,48,49,50,51,52,53,54,55,56,57,58,59,61,62,63,64,65,66,67,68,69,70,71,72,73,74,75,76,77,78,79,80
    見つからなかった問番号: 1,2,5,6,16,17,22,60
  → 68 問を取り込み

[3/8] 2015h27h_ap_am_qs.pdf
  解答例: 80 問
  描画: 40 ページ @300dpi
  OCR 誤読とみなして除外: 1 件
  OCR アンカー: 68 件 / 使える問題: 58 件 → OK (73%)
    検出した問番号: 1,2,3,4,5,6,7,8,9,10,11,12,13,14,15,16,18,19,20,21,23,24,25,29,30,31,32,33,34,35,36,37,38,39,40,41,42,44,45,47,48,49,50,51,52,53,54,55,56,57,58,59,60,61,63,64,65,66,68,69,71,72,73,74,75,77,78,79
    見つからなかった問番号: 17,22,26,27,28,43,46,62,67,70,76,80
  → 58 問を取り込み

[4/8] 2016h28h_ap_am_qs.pdf
  解答例: 80 問
  描画: 40 ページ @300dpi
  OCR 誤読とみなして除外: 6 件
  OCR アンカー: 68 件 / 使える問題: 58 件 → OK (73%)
    検出した問番号: 1,2,3,4,5,6,7,8,9,11,12,13,14,15,16,17,18,19,21,22,23,24,25,26,27,28,29,31,32,33,34,35,36,37,38,39,43,44,45,46,47,48,49,51,52,53,54,55,56,57,58,59,61,62,63,64,65,66,67,68,69,71,73,74,76,77,78,79
    見つからなかった問番号: 10,20,30,40,41,42,50,60,70,72,75,80
  → 58 問を取り込み

[5/8] 2017h29h_ap_am_qs.pdf
  解答例: 80 問
  描画: 40 ページ @300dpi
  OCR 誤読とみなして除外: 9 件
  OCR アンカー: 62 件 / 使える問題: 47 件 → OK (59%)
    検出した問番号: 1,2,4,5,6,7,9,11,12,13,15,17,19,21,22,23,27,28,29,31,32,33,34,35,36,37,38,39,41,42,43,44,45,46,47,49,51,52,53,54,55,58,59,61,62,63,64,65,66,67,68,69,71,72,73,74,75,76,77,78,79,80
    見つからなかった問番号: 3,8,10,14,16,18,20,24,25,26,30,40,48,50,56,57,60,70
  → 47 問を取り込み

[6/8] 2018h30h_ap_am_qs.pdf
  解答例: 80 問
  描画: 40 ページ @300dpi
  OCR 誤読とみなして除外: 6 件
  OCR アンカー: 67 件 / 使える問題: 55 件 → OK (69%)
    検出した問番号: 1,2,3,4,5,6,8,9,11,12,13,14,15,16,17,18,19,21,24,25,27,28,29,31,32,33,34,35,36,37,38,39,40,41,42,43,44,45,46,47,48,49,51,52,53,54,55,56,57,58,59,61,62,63,64,65,66,67,68,69,71,75,76,77,78,79,89
    見つからなかった問番号: 7,10,20,22,23,26,30,50,60,70,72,73,74,80
  → 55 問を取り込み

[7/8] 2019h31h_ap_am_qs.pdf
  解答例: 80 問
  描画: 44 ページ @300dpi
  OCR 誤読とみなして除外: 6 件
  OCR アンカー: 64 件 / 使える問題: 53 件 → OK (66%)
    検出した問番号: 1,2,3,4,5,6,7,9,11,12,13,14,15,16,17,19,20,24,25,26,27,32,33,34,35,36,37,38,39,41,42,43,44,45,46,47,48,49,51,52,53,54,55,56,57,58,59,60,61,62,63,65,66,67,68,69,71,72,73,74,76,77,78,80
    見つからなかった問番号: 8,10,18,21,22,23,28,29,30,31,40,50,64,70,75,79
  → 53 問を取り込み

[8/8] 2023r05h_ap_am_qs.pdf
  解答例: 80 問
  描画: 44 ページ @300dpi
  OCR 誤読とみなして除外: 6 件
  OCR アンカー: 61 件 / 使える問題: 46 件 → OK (57%)
    検出した問番号: 2,3,4,5,6,7,8,9,11,12,13,14,15,17,18,19,23,24,26,28,29,31,32,33,34,35,36,37,38,39,41,42,43,44,47,49,51,52,53,54,55,56,57,58,59,61,62,63,64,65,66,67,68,69,71,73,75,76,77,79,80
    見つからなかった問番号: 1,10,16,20,21,22,25,27,30,40,45,46,48,50,60,70,72,74,78
  → 46 問を取り込み

=== 画像経路: 8/8 回が検証通過、451 問を取り込み
