取り込み済みのため 13 回をスキップ
画像経路の対象: 8 回 (画像経路の科目A問題 PDF は全 127 本)
  - 2010h22a_ap_am_qs.pdf (ext-ap, 午前)
  - 2016h28a_ap_am_qs.pdf (ext-ap, 午前)
  - 2017h29a_ap_am_qs.pdf (ext-ap, 午前)
  - 2018h30a_ap_am_qs.pdf (ext-ap, 午前)
  - 2019r01a_ap_am_qs.pdf (ext-ap, 午前)
  - 2022r04a_ap_am_qs.pdf (ext-ap, 午前)
  - 2025r07a_ap_am_qs.pdf (ext-ap, 午前)
  - tokurei_Mondai_20220724_FE.pdf (fe-menjo, 修了試験)

[1/8] 2010h22a_ap_am_qs.pdf
  解答例: 80 問
  描画: 36 ページ @300dpi
  OCR 誤読とみなして除外: 1 件
  OCR アンカー: 71 件 / 使える問題: 64 件 → OK (80%)
    検出した問番号: 1,2,3,4,5,7,8,9,10,11,12,13,14,15,16,17,18,19,20,21,22,23,24,25,26,27,28,29,30,31,32,33,34,35,36,38,39,40,41,42,43,44,46,47,48,49,50,52,55,56,57,58,59,60,61,62,63,64,65,66,67,68,71,72,73,74,75,76,78,79,80
    見つからなかった問番号: 6,37,45,51,53,54,69,70,77
  → 64 問を取り込み

[2/8] 2016h28a_ap_am_qs.pdf
  解答例: 80 問
  描画: 40 ページ @300dpi
  OCR 誤読とみなして除外: 5 件
  OCR アンカー: 69 件 / 使える問題: 59 件 → OK (74%)
    検出した問番号: 1,2,3,4,8,9,11,12,13,14,15,17,18,19,21,22,23,24,25,26,27,30,31,32,33,35,36,37,38,39,41,42,43,44,45,46,47,48,49,50,51,52,53,54,55,56,57,58,59,61,62,63,64,65,66,67,68,69,70,71,72,73,74,75,76,77,78,79,86
    見つからなかった問番号: 5,6,7,10,16,20,28,29,34,40,60,80
  → 59 問を取り込み

[3/8] 2017h29a_ap_am_qs.pdf
  解答例: 80 問
  描画: 41 ページ @300dpi
  OCR 誤読とみなして除外: 8 件
  OCR アンカー: 65 件 / 使える問題: 52 件 → OK (65%)
    検出した問番号: 1,2,3,4,5,6,7,8,9,11,12,13,14,15,18,19,21,22,23,24,25,26,27,28,31,32,33,34,35,37,38,39,41,43,44,45,47,48,49,53,54,55,56,57,58,59,61,62,63,64,65,66,67,68,69,71,72,73,74,75,76,77,78,79,89
    見つからなかった問番号: 10,16,17,20,29,30,36,40,42,46,50,51,52,60,70,80
  → 52 問を取り込み

[4/8] 2018h30a_ap_am_qs.pdf
  解答例: 80 問
  描画: 44 ページ @300dpi
  OCR 誤読とみなして除外: 6 件
  OCR アンカー: 67 件 / 使える問題: 54 件 → OK (68%)
    検出した問番号: 1,2,3,4,5,6,7,8,9,11,12,13,14,15,16,17,18,19,21,22,23,24,26,28,29,31,32,34,35,36,37,38,39,41,42,43,44,45,46,47,48,49,51,52,55,56,57,58,59,61,62,63,64,65,66,67,68,69,71,72,73,74,75,76,77,78,89
    見つからなかった問番号: 10,20,25,27,30,33,40,50,53,54,60,70,79,80
  → 54 問を取り込み

[5/8] 2019r01a_ap_am_qs.pdf
  解答例: 80 問
  描画: 40 ページ @300dpi
  OCR 誤読とみなして除外: 7 件
  OCR アンカー: 66 件 / 使える問題: 52 件 → OK (65%)
    検出した問番号: 1,2,3,4,5,6,7,8,9,11,12,13,15,16,17,18,19,21,22,24,25,26,27,28,29,31,32,33,34,35,36,37,38,39,41,42,43,45,46,47,48,49,50,51,52,54,56,57,58,59,61,62,63,64,66,67,68,69,71,72,73,75,76,77,78,79
    見つからなかった問番号: 10,14,20,23,30,40,44,53,55,60,65,70,74,80
  → 52 問を取り込み

[6/8] 2022r04a_ap_am_qs.pdf
  解答例: 80 問
  描画: 40 ページ @300dpi
  OCR 誤読とみなして除外: 6 件
  OCR アンカー: 63 件 / 使える問題: 49 件 → OK (61%)
    検出した問番号: 1,3,4,5,6,7,9,11,12,13,14,17,18,19,21,22,23,24,25,26,27,32,33,34,35,36,37,38,39,41,42,43,44,45,46,47,48,49,51,52,53,54,55,56,57,58,59,61,62,65,66,67,68,69,71,72,74,75,76,77,78,79,89
    見つからなかった問番号: 2,8,10,15,16,20,28,29,30,31,40,50,60,63,64,70,73,80
  → 49 問を取り込み

[7/8] 2025r07a_ap_am_qs.pdf
  解答例: 80 問
  描画: 40 ページ @300dpi
  OCR 誤読とみなして除外: 6 件
  OCR アンカー: 64 件 / 使える問題: 51 件 → OK (64%)
    検出した問番号: 3,4,5,6,7,8,9,11,12,13,14,15,17,18,19,23,25,26,27,28,29,31,32,33,34,35,36,37,38,39,41,42,43,44,45,46,48,49,51,52,53,54,55,56,57,58,59,61,62,63,64,65,66,67,68,69,71,72,73,74,77,78,79,89
    見つからなかった問番号: 1,2,10,16,20,21,22,24,30,40,47,50,60,70,75,76,80
  → 51 問を取り込み

[8/8] tokurei_Mondai_20220724_FE.pdf
  ! 解答例 PDF が無い／テキストが取れない → 隔離

=== 画像経路: 7/7 回が検証通過、381 問を取り込み
