画像経路の対象: 15 回 (画像経路の科目A問題 PDF は全 88 本)
  - 2009h21h_fe_am_qs.pdf (fe-honshiken, 午前)
  - 2012h24h_fe_am_qs.pdf (fe-honshiken, 午前)
  - 2015h27h_fe_am_qs.pdf (fe-honshiken, 午前)
  - 2018h30h_fe_am_qs.pdf (fe-honshiken, 午前)
  - tokurei_Mondai_20251214_FE.pdf (fe-menjo, 修了試験)
  - tokurei_Mondai_20240609_FE.pdf (fe-menjo, 修了試験)
  - tokurei_Mondai_20221211_FE.pdf (fe-menjo, 修了試験)
  - tokurei_Mondai_20210613_FE.pdf (fe-menjo, 修了試験)
  - tokurei_Mondai_20191208_FE.pdf (fe-menjo, 修了試験)
  - tokurei_Mondai_20180610_FE.pdf (fe-menjo, 修了試験)
  - tokurei_Mondai_20161211_FE.pdf (fe-menjo, 修了試験)
  - tokurei_Mondai_20150628_FE.pdf (fe-menjo, 修了試験)
  - tokurei_Mondai_20131215_FE.pdf (fe-menjo, 修了試験)
  - tokurei_Mondai_20120624_FE.pdf (fe-menjo, 修了試験)
  - tokurei_Mondai_201006_FE.pdf (fe-menjo, 修了試験)

[1/15] 2009h21h_fe_am_qs.pdf
  解答例: 80 問
  描画: 32 ページ @300dpi
  OCR アンカー: 73 件 / 使える問題: 70 件 → OK (88%)
    検出した問番号: 1,2,3,4,5,6,7,8,9,10,11,12,13,14,15,18,19,20,21,22,23,24,25,26,27,28,29,30,31,32,33,34,35,36,37,38,39,40,41,42,43,44,49,50,51,52,53,54,55,56,57,58,59,60,61,62,63,65,66,67,68,69,70,71,72,73,74,75,76,77,78,79,80
    見つからなかった問番号: 16,17,45,46,47,48,64
  → 70 問を取り込み

[2/15] 2012h24h_fe_am_qs.pdf
  解答例: 80 問
<<<<<<< HEAD
=======
  描画: 40 ページ @300dpi
  OCR 誤読とみなして除外: 1 件
  OCR アンカー: 71 件 / 使える問題: 66 件 → OK (83%)
    検出した問番号: 3,4,5,7,8,9,10,11,12,13,14,15,16,17,18,20,21,22,23,24,25,26,27,28,30,31,32,33,34,35,38,39,40,41,42,43,44,45,46,47,48,49,50,51,52,53,54,55,56,57,58,59,60,61,62,63,64,65,66,69,70,71,72,73,74,75,76,77,78,79,80
    見つからなかった問番号: 1,2,6,19,29,36,37,67,68
  → 66 問を取り込み

[3/15] 2015h27h_fe_am_qs.pdf
  解答例: 80 問
  描画: 40 ページ @300dpi
  OCR 誤読とみなして除外: 3 件
  OCR アンカー: 67 件 / 使える問題: 60 件 → OK (75%)
    検出した問番号: 1,2,4,5,6,7,8,14,15,17,18,19,20,21,22,23,24,26,28,29,30,31,32,33,34,35,36,37,38,39,40,41,42,43,44,45,46,47,48,52,53,54,55,56,57,58,59,60,61,62,63,64,65,66,67,68,69,70,71,72,73,74,75,77,78,79,80
    見つからなかった問番号: 3,9,10,11,12,13,16,25,27,49,50,51,76
  → 60 問を取り込み

[4/15] 2018h30h_fe_am_qs.pdf
  解答例: 80 問
  描画: 40 ページ @300dpi
  OCR 誤読とみなして除外: 6 件
  OCR アンカー: 59 件 / 使える問題: 42 件 → OK (53%)
    検出した問番号: 1,2,3,4,5,6,7,8,9,11,14,16,17,18,21,22,24,25,26,27,28,31,32,34,35,36,37,38,39,41,43,44,46,48,49,51,52,53,54,55,56,57,58,59,61,62,63,64,65,66,67,69,71,72,73,75,76,77,78
    見つからなかった問番号: 10,12,13,15,19,20,23,29,30,33,40,42,45,47,50,60,68,70,74,79,80
  → 42 問を取り込み

[5/15] tokurei_Mondai_20251214_FE.pdf
  解答例: 60 問
  描画: 32 ページ @300dpi
  OCR 誤読とみなして除外: 4 件
  OCR アンカー: 50 件 / 使える問題: 39 件 → OK (65%)
    検出した問番号: 1,2,3,4,5,7,9,11,12,13,14,15,16,17,18,21,22,23,24,25,26,27,29,30,31,32,33,34,36,37,38,39,41,42,43,44,45,46,48,49,51,52,53,54,55,56,57,58,59,69
    見つからなかった問番号: 6,8,10,19,20,28,35,40,47,50,60
  → 39 問を取り込み

[6/15] tokurei_Mondai_20240609_FE.pdf
  解答例: 60 問
  描画: 28 ページ @300dpi
  OCR 誤読とみなして除外: 5 件
  OCR アンカー: 45 件 / 使える問題: 31 件 → OK (52%)
    検出した問番号: 1,2,3,4,5,6,7,8,9,12,14,16,17,18,21,22,23,24,25,27,28,29,32,33,34,35,37,39,41,43,44,45,46,47,48,49,51,52,53,54,55,57,58,59,69
    見つからなかった問番号: 10,11,13,15,19,20,26,30,31,36,38,40,42,50,56,60
  → 31 問を取り込み

[7/15] tokurei_Mondai_20221211_FE.pdf
  解答例: 80 問
  描画: 44 ページ @300dpi
  OCR 誤読とみなして除外: 4 件
  OCR アンカー: 72 件 / 使える問題: 65 件 → OK (81%)
    検出した問番号: 1,2,3,4,5,6,8,9,10,11,12,13,14,15,16,17,18,19,21,22,23,24,25,26,27,28,29,31,32,33,34,35,36,37,38,39,40,41,42,43,44,45,46,47,49,51,52,53,54,55,56,57,58,59,62,63,64,65,66,67,68,69,71,72,73,74,75,76,77,78,79,80
    見つからなかった問番号: 7,20,30,48,50,60,61,70
  → 65 問を取り込み

[8/15] tokurei_Mondai_20210613_FE.pdf
  解答例: 80 問
  描画: 36 ページ @300dpi
  OCR 誤読とみなして除外: 4 件
  OCR アンカー: 68 件 / 使える問題: 56 件 → OK (70%)
    検出した問番号: 1,2,3,4,5,6,7,8,9,11,12,13,14,15,16,17,18,22,23,24,25,27,28,29,31,32,33,34,35,36,37,39,41,42,43,44,45,46,47,48,49,51,52,53,54,55,56,57,58,59,61,62,64,65,66,67,68,69,71,72,73,74,75,76,77,78,79,89
    見つからなかった問番号: 10,19,20,21,26,30,38,40,50,60,63,70,80
  → 56 問を取り込み

[9/15] tokurei_Mondai_20191208_FE.pdf
  解答例: 80 問
  描画: 36 ページ @300dpi
  OCR 誤読とみなして除外: 8 件
  OCR アンカー: 63 件 / 使える問題: 47 件 → OK (59%)
    検出した問番号: 1,2,3,4,5,7,8,9,11,13,14,15,16,17,18,19,21,22,23,24,28,29,31,34,35,36,38,39,41,42,43,44,45,46,47,49,51,52,53,54,55,56,57,58,59,61,62,63,64,65,66,67,68,69,71,72,73,74,75,76,77,79,89
    見つからなかった問番号: 6,10,12,20,25,26,27,30,32,33,37,40,48,50,60,70,78,80
  → 47 問を取り込み

[10/15] tokurei_Mondai_20180610_FE.pdf
  解答例: 80 問
  描画: 36 ページ @300dpi
  OCR 誤読とみなして除外: 7 件
  OCR アンカー: 59 件 / 使える問題: 43 件 → OK (54%)
    検出した問番号: 3,4,6,8,9,11,12,14,15,17,18,19,21,22,23,24,25,26,27,29,31,32,34,35,36,37,38,39,40,41,42,43,44,45,46,47,49,51,52,53,54,57,58,59,62,63,64,65,66,67,68,69,72,73,74,76,77,78,80
    見つからなかった問番号: 1,2,5,7,10,13,16,20,28,30,33,48,50,55,56,60,61,70,71,75,79
  → 43 問を取り込み

[11/15] tokurei_Mondai_20161211_FE.pdf
  解答例: 80 問
  描画: 38 ページ @300dpi
  OCR 誤読とみなして除外: 7 件
  OCR アンカー: 71 件 / 使える問題: 60 件 → OK (75%)
    検出した問番号: 1,2,3,4,5,6,7,8,9,11,12,13,14,15,16,17,18,19,21,22,23,24,25,26,27,28,29,31,32,33,35,36,37,38,39,41,42,43,44,45,46,47,48,49,51,52,53,54,55,56,57,58,59,61,62,63,65,66,67,68,69,71,72,73,74,75,76,77,78,79,89
    見つからなかった問番号: 10,20,30,34,40,50,60,64,70,80
  → 60 問を取り込み

[12/15] tokurei_Mondai_20150628_FE.pdf
  解答例: 80 問
  描画: 40 ページ @300dpi
  OCR アンカー: 73 件 / 使える問題: 66 件 → OK (83%)
    検出した問番号: 1,2,3,4,6,7,8,9,10,11,13,14,15,16,17,18,19,20,21,22,23,24,25,26,27,28,29,30,31,32,33,34,35,36,37,39,40,41,42,43,44,45,46,47,48,50,51,52,53,54,55,56,57,58,59,60,61,62,63,64,65,66,68,70,71,72,73,74,75,76,77,78,80
    見つからなかった問番号: 5,12,38,49,67,69,79
  → 66 問を取り込み

[13/15] tokurei_Mondai_20131215_FE.pdf
  解答例: 80 問
  描画: 40 ページ @300dpi
  OCR アンカー: 74 件 / 使える問題: 68 件 → OK (85%)
    検出した問番号: 1,2,3,4,5,6,7,8,9,10,11,12,13,14,15,17,18,19,20,22,23,24,25,26,27,28,29,30,31,32,33,34,35,36,37,38,39,40,41,42,43,44,45,46,47,49,50,51,52,53,54,55,57,58,59,60,61,62,63,64,65,67,69,70,71,72,73,74,75,76,77,78,79,80
    見つからなかった問番号: 16,21,48,56,66,68
  → 68 問を取り込み

[14/15] tokurei_Mondai_20120624_FE.pdf
  解答例: 80 問
  描画: 36 ページ @300dpi
  OCR アンカー: 77 件 / 使える問題: 74 件 → OK (93%)
    検出した問番号: 1,2,3,4,5,6,7,8,9,10,12,13,14,15,16,17,18,19,20,21,22,23,24,26,27,28,29,30,31,32,33,34,35,36,37,38,39,40,41,42,43,44,45,46,47,48,49,50,51,52,53,54,55,56,57,59,60,61,62,63,64,65,66,67,68,69,70,71,72,73,74,75,76,77,78,79,80
    見つからなかった問番号: 11,25,58
  → 74 問を取り込み

[15/15] tokurei_Mondai_201006_FE.pdf
  解答例: 80 問
  描画: 36 ページ @300dpi
  OCR アンカー: 77 件 / 使える問題: 74 件 → OK (93%)
    検出した問番号: 1,2,3,4,5,6,7,8,9,10,11,12,13,14,15,16,17,18,19,20,21,22,23,24,25,26,27,28,29,30,31,32,33,35,36,37,39,40,41,42,43,44,45,46,47,48,49,50,51,52,53,54,55,56,57,58,59,60,61,62,63,64,65,66,67,69,70,71,72,73,74,75,76,77,78,79,80
    見つからなかった問番号: 34,38,68
  → 74 問を取り込み

=== 画像経路: 15/15 回が検証通過、861 問を取り込み
>>>>>>> ab94908 (data: import scanned FE past exams as cropped images [skip ci])
